143
6
root 0 133 5693
node 1 0 49 1 0.085997998714447
node 2 0 133 0 0.2
node 3 1 63 1 0.121211998164654
node 4 1 59 0 0.0295979995280504
node 5 3 131 1 221
node 6 3 63 0 0.0691562
node 7 4 59 1 0.185265
node 8 4 59 0 0.0578855
node 9 5 14 1 3
node 10 5 131 0 0.118812
node 11 9 14 1 -0.2
node 12 9 72 0 11.1024656295776
node 13 12 72 1 -0.0645881
node 14 12 72 0 0.0016391
end
7
root 0 133 5693
node 1 0 131 1 245
node 2 0 133 0 0.181762
node 3 1 53 1 0.18181799352169
node 4 1 131 0 -0.212604
node 5 3 107 1 14.8951511383057
node 6 3 53 0 0.104312
node 7 5 107 1 -0.0524648
node 8 5 24 0 252
node 9 8 113 1 -2.99569296836853
node 10 8 24 0 0.156883
node 11 9 67 1 0.222222000360489
node 12 9 113 0 0.18552
node 13 11 67 1 0.0392735
node 14 11 67 0 0.14789
end
7
root 0 133 5693
node 1 0 48 1 0.375
node 2 0 133 0 0.167608
node 3 1 107 1 14.8951511383057
node 4 1 48 0 0.121761
node 5 3 107 1 -0.0858359
node 6 3 15 0 3.42681694030762
node 7 6 15 1 0.18841
node 8 6 29 0 95
node 9 8 113 1 -2.99569296836853
node 10 8 29 0 0.17603
node 11 9 67 1 0.222222000360489
node 12 9 113 0 0.120803
node 13 11 67 1 0.0424563
node 14 11 67 0 0.147519
end
7
root 0 133 5693
node 1 0 48 1 0.375
node 2 0 133 0 0.156201
node 3 1 107 1 14.8951511383057
node 4 1 48 0 0.0920181
node 5 3 107 1 -0.083927
node 6 3 15 0 3.42681694030762
node 7 6 15 1 0.16725
node 8 6 29 0 101
node 9 8 113 1 -2.99569296836853
node 10 8 29 0 0.159762
node 11 9 67 1 0.222222000360489
node 12 9 113 0 0.0763091
node 13 11 67 1 0.0380878
node 14 11 67 0 0.129527
end
7
root 0 133 5693
node 1 0 48 1 0.375
node 2 0 133 0 0.147588
node 3 1 107 1 14.8951511383057
node 4 1 48 0 0.0794559
node 5 3 107 1 -0.0741165
node 6 3 15 0 3.42681694030762
node 7 6 15 1 0.15232
node 8 6 25 0 94
node 9 8 113 1 -2.99569296836853
node 10 8 25 0 0.148002
node 11 9 67 1 0.222222000360489
node 12 9 113 0 0.0637633
node 13 11 67 1 0.0333796
node 14 11 67 0 0.117851
end
7
root 0 133 5693
node 1 0 48 1 0.375
node 2 0 133 0 0.141026
node 3 1 107 1 14.8951511383057
node 4 1 48 0 0.0710307
node 5 3 107 1 -0.0661056
node 6 3 19 0 3.42495203018188
node 7 6 19 1 0.141724
node 8 6 29 0 91
node 9 8 113 1 -2.99569296836853
node 10 8 29 0 0.139488
node 11 9 67 1 0.222222000360489
node 12 9 113 0 0.0539421
node 13 11 67 1 0.029876
node 14 11 67 0 0.101739
end
7
root 0 133 5693
node 1 0 48 1 0.375
node 2 0 133 0 0.135867
node 3 1 77 1 65.5190505981445
node 4 1 48 0 0.0631769
node 5 3 107 1 14.8951511383057
node 6 3 77 0 0.140792
node 7 5 107 1 -0.0589499
node 8 5 15 0 3.42681694030762
node 9 8 15 1 0.133898
node 10 8 25 0 87
node 11 10 12 1 1
node 12 10 25 0 0.133111
node 13 11 12 1 0.0812854
node 14 11 12 0 0.0244626
end
7
root 0 133 5693
node 1 0 77 1 65.5190505981445
node 2 0 133 0 0.13164
node 3 1 48 1 0.375
node 4 1 77 0 0.134391
node 5 3 59 1 0.375
node 6 3 48 0 0.0562202
node 7 5 72 1 17.7095413208008
node 8 5 59 0 0.139895
node 9 7 60 1 0.5
node 10 7 72 0 0.0457906
node 11 9 53 1 0.25
node 12 9 60 0 -0.273624
node 13 11 53 1 -0.0382388
node 14 11 53 0 -0.256172
end
7
root 0 59 0.375
node 1 0 133 1 5693
node 2 0 59 0 0.133731
node 3 1 27 1 8
node 4 1 133 0 0.127049
node 5 3 48 1 0.375
node 6 3 27 0 0.129192
node 7 5 107 1 14.8951511383057
node 8 5 48 0 0.0513794
node 9 7 107 1 -0.0589288
node 10 7 19 0 3.42495203018188
node 11 10 19 1 0.125711
node 12 10 25 0 87
node 13 12 25 1 0.0297624
node 14 12 25 0 0.126615
end
7
root 0 133 5693
node 1 0 64 1 0.375
node 2 0 133 0 0.124307
node 3 1 27 1 8
node 4 1 64 0 0.128572
node 5 3 48 1 0.375
node 6 3 27 0 0.124592
node 7 5 107 1 14.8951511383057
node 8 5 48 0 0.0455562
node 9 7 107 1 -0.053224
node 10 7 19 0 3.42495203018188
node 11 10 19 1 0.121378
node 12 10 29 0 91
node 13 12 29 1 0.0264665
node 14 12 29 0 0.123026
end
7
root 0 133 5693
node 1 0 64 1 0.375
node 2 0 133 0 0.121954
node 3 1 27 1 8
node 4 1 64 0 0.124517
node 5 3 48 1 0.375
node 6 3 27 0 0.120965
node 7 5 107 1 14.8951511383057
node 8 5 48 0 0.0400693
node 9 7 107 1 -0.048093
node 10 7 15 0 3.42681694030762
node 11 10 15 1 0.117954
node 12 10 25 0 87
node 13 12 25 1 0.0236071
node 14 12 25 0 0.120152
end
7
root 0 133 5693
node 1 0 54 1 0.375
node 2 0 133 0 0.119898
node 3 1 27 1 8
node 4 1 54 0 0.121268
node 5 3 133 1 0
node 6 3 27 0 0.118054
node 7 5 83 1 24.3130531311035
node 8 5 133 0 0.0947391
node 9 7 109 1 33.5674133300781
node 10 7 83 0 -0.300823
node 11 9 48 1 0.375
node 12 9 109 0 0.0443824
node 13 11 48 1 -0.0267516
node 14 11 48 0 0.0303111
end
7
root 0 133 1
node 1 0 64 1 0.375
node 2 0 133 0 0.106913
node 3 1 27 1 8
node 4 1 64 0 0.118577
node 5 3 108 1 25.2112483978271
node 6 3 27 0 0.115678
node 7 5 64 1 0.0221810005605221
node 8 5 108 0 0.0653767
node 9 7 64 1 -0.0599325
node 10 7 48 0 0.375
node 11 10 2 1 2
node 12 10 48 0 0.0486416
node 13 11 2 1 -0.00888955
node 14 11 2 0 0.060106
end
7
root 0 133 1
node 1 0 59 1 0.375
node 2 0 133 0 0.0917621
node 3 1 77 1 65.5190505981445
node 4 1 59 0 0.116007
node 5 3 3 1 3
node 6 3 77 0 0.113801
node 7 5 109 1 59.2529106140137
node 8 5 3 0 0.124497
node 9 7 54 1 0.0232689995318651
node 10 7 109 0 0.141553
node 11 9 54 1 -0.038174
node 12 9 111 0 -24.7506084442139
node 13 12 111 1 0.119509
node 14 12 111 0 0.0152797
end
7
root 0 133 1
node 1 0 3 1 3
node 2 0 133 0 0.0719318
node 3 1 59 1 0.375
node 4 1 3 0 0.118029
node 5 3 77 1 65.5190505981445
node 6 3 59 0 0.114217
node 7 5 105 1 59.2946319580078
node 8 5 77 0 0.112418
node 9 7 77 1 6.08139801025391
node 10 7 105 0 0.136022
node 11 9 77 1 -0.0389367
node 12 9 115 0 -22.4735889434814
node 13 12 115 1 0.132089
node 14 12 115 0 0.0198187
end
7
root 0 133 1
node 1 0 3 1 3
node 2 0 133 0 0.0669711
node 3 1 64 1 0.375
node 4 1 3 0 0.100147
node 5 3 77 1 65.5190505981445
node 6 3 64 0 0.112948
node 7 5 109 1 59.2529106140137
node 8 5 77 0 0.111248
node 9 7 64 1 0.0245900005102158
node 10 7 109 0 0.130626
node 11 9 64 1 -0.0522299
node 12 9 15 0 20.8165740966797
node 13 12 15 1 0.0136523
node 14 12 15 0 0.112877
end
7
root 0 133 0
node 1 0 3 1 3
node 2 0 133 0 0.0552888
node 3 1 59 1 0.375
node 4 1 3 0 0.0929055
node 5 3 27 1 8
node 6 3 59 0 0.111452
node 7 5 49 1 0.5
node 8 5 27 0 0.110161
node 9 7 109 1 59.3900718688965
node 10 7 49 0 -0.311416
node 11 9 71 1 42.5807151794434
node 12 9 109 0 0.125999
node 13 11 71 1 -0.0152631
node 14 11 71 0 0.15446
end
7
root 0 133 1
node 1 0 71 1 42.5807151794434
node 2 0 133 0 0.0542014
node 3 1 3 1 3
node 4 1 71 0 0.128046
node 5 3 59 1 0.375
node 6 3 3 0 0.0867653
node 7 5 77 1 65.5190505981445
node 8 5 59 0 0.110212
node 9 7 54 1 0.0232689995318651
node 10 7 77 0 0.109023
node 11 9 54 1 -0.0361452
node 12 9 89 0 2.89834403991699
node 13 12 89 1 0.112753
node 14 12 89 0 0.0176447
end
7
root 0 133 311
node 1 0 133 1 235
node 2 0 133 0 0.0847614
node 3 1 133 1 36
node 4 1 133 0 -0.313998
node 5 3 133 1 17
node 6 3 133 0 0.0995477
node 7 5 133 1 1
node 8 5 133 0 -0.200646
node 9 7 71 1 42.5807151794434
node 10 7 133 0 0.0650373
node 11 9 3 1 3
node 12 9 71 0 0.119723
node 13 11 3 1 -0.0128091
node 14 11 3 0 0.0802489
end
7
root 0 133 36
node 1 0 71 1 42.5807151794434
node 2 0 133 0 0.0747291
node 3 1 64 1 0.375
node 4 1 71 0 0.0964956
node 5 3 77 1 65.5190505981445
node 6 3 64 0 0.10936
node 7 5 3 1 3
node 8 5 77 0 0.108248
node 9 7 54 1 0.0232689995318651
node 10 7 3 0 0.0750526
node 11 9 54 1 -0.0338371
node 12 9 111 0 -24.3456535339355
node 13 12 111 1 0.0899621
node 14 12 111 0 0.0168548
end
7
root 0 133 36
node 1 0 71 1 27.7708702087402
node 2 0 133 0 0.0692403
node 3 1 3 1 3
node 4 1 71 0 0.0885891
node 5 3 54 1 0.375
node 6 3 3 0 0.0759454
node 7 5 77 1 65.5190505981445
node 8 5 54 0 0.108483
node 9 7 14 1 170
node 10 7 77 0 0.107504
node 11 9 14 1 0.0275534
node 12 9 133 0 1
node 13 12 133 1 -0.0324129
node 14 12 133 0 0.0551975
end
7
root 0 71 27.7708702087402
node 1 0 133 1 1
node 2 0 71 0 0.0886398
node 3 1 3 1 3
node 4 1 133 0 0.0458717
node 5 3 27 1 8
node 6 3 3 0 0.0740495
node 7 5 54 1 0.375
node 8 5 27 0 0.106702
node 9 7 64 1 0.150000005960464
node 10 7 54 0 0.107613
node 11 9 54 1 0.0909089967608452
node 12 9 64 0 -0.133065
node 13 11 54 1 -0.0200861
node 14 11 54 0 0.085692
end
7
root 0 71 27.7708702087402
node 1 0 133 1 36
node 2 0 71 0 0.0836845
node 3 1 77 1 40.949405670166
node 4 1 133 0 0.0443794
node 5 3 133 1 17
node 6 3 77 0 0.114059
node 7 5 133 1 1
node 8 5 133 0 -0.182683
node 9 7 54 1 0.0232689995318651
node 10 7 133 0 0.0598961
node 11 9 54 1 -0.034348
node 12 9 100 0 0.944231986999512
node 13 12 100 1 0.0999761
node 14 12 100 0 0.00828394
end
7
root 0 81 33.5340309143066
node 1 0 133 1 5693
node 2 0 81 0 0.10568
node 3 1 135 1 74.821662902832
node 4 1 133 0 0.108183
node 5 3 133 1 977
node 6 3 135 0 0.0709798
node 7 5 133 1 938
node 8 5 133 0 -0.270953
node 9 7 71 1 27.7708702087402
node 10 7 133 0 0.134834
node 11 9 3 1 3
node 12 9 71 0 0.0571788
node 13 11 3 1 -0.014447
node 14 11 3 0 0.0965415
end
7
root 0 26 7
node 1 0 81 1 33.5340309143066
node 2 0 26 0 -0.408314
node 3 1 133 1 625
node 4 1 81 0 0.109029
node 5 3 51 1 0.75
node 6 3 133 0 0.0776989
node 7 5 135 1 125.998443603516
node 8 5 51 0 0.0902152
node 9 7 36 1 3
node 10 7 135 0 0.0742911
node 11 9 71 1 27.7708702087402
node 12 9 36 0 -0.466118
node 13 11 71 1 -0.0148339
node 14 11 71 0 0.0627857
end
7
root 0 81 33.5340309143066
node 1 0 133 1 625
node 2 0 81 0 0.0942674
node 3 1 135 1 125.998443603516
node 4 1 133 0 0.0699454
node 5 3 51 1 0.75
node 6 3 135 0 0.0728941
node 7 5 77 1 40.949405670166
node 8 5 51 0 0.0811578
node 9 7 109 1 33.5674133300781
node 10 7 77 0 0.12231
node 11 9 133 1 235
node 12 9 109 0 0.0335575
node 13 11 133 1 -0.0231409
node 14 11 133 0 -0.196836
end
7
root 0 133 36
node 1 0 53 1 0.142857000231743
node 2 0 133 0 0.0645976
node 3 1 27 1 7
node 4 1 53 0 0.0551958
node 5 3 71 1 71.9276504516602
node 6 3 27 0 -0.241244
node 7 5 77 1 40.949405670166
node 8 5 71 0 0.113818
node 9 7 86 1 22.0164775848389
node 10 7 77 0 0.130677
node 11 9 71 1 27.7708702087402
node 12 9 86 0 -0.223028
node 13 11 71 1 -0.0176981
node 14 11 71 0 0.0691159
end
7
root 0 71 42.5807151794434
node 1 0 133 1 1
node 2 0 71 0 0.0823533
node 3 1 54 1 0.0232689995318651
node 4 1 133 0 0.040622
node 5 3 54 1 -0.0333198
node 6 3 118 0 -6.89535188674927
node 7 6 100 1 0.944231986999512
node 8 6 118 0 0.148543
node 9 7 100 1 0.0869715
node 10 7 112 0 -1.12386000156403
node 11 10 112 1 -1.12392604351044
node 12 10 112 0 0.109655
node 13 11 112 1 0.00768618
node 14 11 112 0 -0.418224
end
7
root 0 71 42.5807151794434
node 1 0 61 1 0.75
node 2 0 71 0 0.0734333
node 3 1 134 1 847
node 4 1 61 0 0.0904153
node 5 3 133 1 938
node 6 3 134 0 0.0935512
node 7 5 77 1 40.949405670166
node 8 5 133 0 -0.373428
node 9 7 135 1 141.868255615234
node 10 7 77 0 0.116156
node 11 9 109 1 35.8746795654297
node 12 9 135 0 0.0578231
node 13 11 109 1 -0.0219169
node 14 11 109 0 0.0401561
end
7
root 0 71 42.5807151794434
node 1 0 133 1 1
node 2 0 71 0 0.0702791
node 3 1 54 1 0.0909089967608452
node 4 1 133 0 0.0435028
node 5 3 57 1 0.666666984558105
node 6 3 54 0 0.0549725
node 7 5 41 1 5.10204076766968
node 8 5 57 0 0.0786704
node 9 7 22 1 70
node 10 7 41 0 -0.251014
node 11 9 109 1 59.118537902832
node 12 9 22 0 0.0771052
node 13 11 109 1 -0.0217789
node 14 11 109 0 0.115405
end
7
root 0 81 33.5340309143066
node 1 0 133 1 625
node 2 0 81 0 0.0637785
node 3 1 51 1 0.75
node 4 1 133 0 0.0657058
node 5 3 133 1 235
node 6 3 51 0 0.0857706
node 7 5 133 1 160
node 8 5 133 0 -0.102166
node 9 7 77 1 40.949405670166
node 10 7 133 0 0.121425
node 11 9 49 1 0.0660019963979721
node 12 9 77 0 0.110112
node 13 11 49 1 -0.0314136
node 14 11 49 0 0.0177889
end
7
root 0 133 36
node 1 0 86 1 69.3797607421875
node 2 0 133 0 0.0601854
node 3 1 26 1 5
node 4 1 86 0 -0.309823
node 5 3 71 1 49.2646598815918
node 6 3 26 0 0.119299
node 7 5 21 1 6
node 8 5 71 0 0.0718978
node 9 7 51 1 0.5
node 10 7 21 0 -0.479912
node 11 9 26 1 4
node 12 9 51 0 0.0633273
node 13 11 26 1 -0.00912713
node 14 11 26 0 -0.44415
end
7
root 0 71 42.5807151794434
node 1 0 133 1 625
node 2 0 71 0 0.0822043
node 3 1 53 1 0.153845995664597
node 4 1 133 0 0.0581932
node 5 3 45 1 0.0536589995026588
node 6 3 53 0 0.041486
node 7 5 45 1 -0.0418467
node 8 5 129 0 65481
node 9 8 45 1 0.0537150017917156
node 10 8 129 0 0.13426
node 11 9 45 1 0.116504
node 12 9 14 0 7
node 13 12 14 1 0.114113
node 14 12 14 0 0.00947636
end
7
root 0 71 42.5807151794434
node 1 0 133 1 1
node 2 0 71 0 0.0710605
node 3 1 65 1 0.0196979995816946
node 4 1 133 0 0.039826
node 5 3 59 1 0.375
node 6 3 65 0 0.12043
node 7 5 109 1 35.8746795654297
node 8 5 59 0 0.106125
node 9 7 75 1 389.154388427734
node 10 7 109 0 0.0370891
node 11 9 51 1 0.75
node 12 9 75 0 -0.229239
node 13 11 51 1 -0.0214788
node 14 11 51 0 0.0684141
end
7
root 0 71 42.5807151794434
node 1 0 133 1 142
node 2 0 71 0 0.0650059
node 3 1 65 1 0.0196979995816946
node 4 1 133 0 0.0514562
node 5 3 133 1 95
node 6 3 65 0 0.11027
node 7 5 133 1 60
node 8 5 133 0 -0.205285
node 9 7 53 1 0.153845995664597
node 10 7 133 0 0.116033
node 11 9 109 1 53.5276145935059
node 12 9 53 0 0.0381919
node 13 11 109 1 -0.0147706
node 14 11 109 0 0.0836411
end
7
root 0 76 65.6053009033203
node 1 0 26 1 5
node 2 0 76 0 -0.304314
node 3 1 133 1 36
node 4 1 26 0 0.1117
node 5 3 71 1 27.7708702087402
node 6 3 133 0 0.0427135
node 7 5 65 1 0.0196979995816946
node 8 5 71 0 0.0473189
node 9 7 133 1 33
node 10 7 65 0 0.0913393
node 11 9 52 1 0.117646999657154
node 12 9 133 0 -0.336715
node 13 11 52 1 -0.0244292
node 14 11 52 0 0.0214637
end
7
root 0 71 42.316276550293
node 1 0 133 1 1
node 2 0 71 0 0.0578873
node 3 1 109 1 53.5276145935059
node 4 1 133 0 0.0355421
node 5 3 65 1 0.0196979995816946
node 6 3 109 0 0.0823159
node 7 5 54 1 0.0230769999325275
node 8 5 65 0 0.0815005
node 9 7 54 1 -0.0303691
node 10 7 100 0 0.944231986999512
node 11 10 100 1 0.0727926
node 12 10 135 0 122.726669311523
node 13 12 135 1 -0.00125476
node 14 12 135 0 0.116575
end
6
root 0 71 42.316276550293
node 1 0 134 1 847
node 2 0 71 0 0.0531788
node 3 1 133 1 227
node 4 1 134 0 0.0764377
node 5 3 109 1 53.5276145935059
node 6 3 133 0 -0.106307
node 7 5 52 1 0.117646999657154
node 8 5 109 0 0.083593
node 9 7 86 1 13.8854360580444
node 10 7 135 0 141.868255615234
node 11 9 86 1 -0.0251172
node 12 9 86 0 0.091148
node 13 10 135 1 0.0187797
node 14 10 135 0 0.0891787
end
7
root 0 133 36
node 1 0 36 1 5
node 2 0 133 0 0.0512197
node 3 1 49 1 0.0650219991803169
node 4 1 36 0 0.0677406
node 5 3 49 1 -0.028247
node 6 3 11 0 5
node 7 6 126 1 24
node 8 6 11 0 0.0688555
node 9 7 126 1 0.0589075
node 10 7 122 0 -0.798497974872589
node 11 10 65 1 0.0196979995816946
node 12 10 122 0 -0.207935
node 13 11 65 1 -0.00735737
node 14 11 65 0 0.08952
end
7
root 0 81 73.1542205810547
node 1 0 31 1 5
node 2 0 81 0 -0.28976
node 3 1 53 1 0.142857000231743
node 4 1 31 0 0.106859
node 5 3 26 1 4
node 6 3 53 0 0.0417392
node 7 5 133 1 625
node 8 5 26 0 -0.435332
node 9 7 133 1 235
node 10 7 133 0 0.058498
node 11 9 133 1 160
node 12 9 133 0 -0.133683
node 13 11 133 1 -0.00503137
node 14 11 133 0 0.109888
end
7
root 0 81 33.5340309143066
node 1 0 133 1 142
node 2 0 81 0 0.0835145
node 3 1 127 1 7552
node 4 1 133 0 0.0550193
node 5 3 109 1 53.5276145935059
node 6 3 127 0 0.0946284
node 7 5 133 1 95
node 8 5 109 0 0.0703825
node 9 7 133 1 60
node 10 7 133 0 -0.167739
node 11 9 57 1 0.666666984558105
node 12 9 133 0 0.111144
node 13 11 57 1 -0.0138576
node 14 11 57 0 0.0473717
end
7
root 0 81 33.5340309143066
node 1 0 134 1 847
node 2 0 81 0 0.0802572
node 3 1 133 1 938
node 4 1 134 0 0.0710527
node 5 3 127 1 114118
node 6 3 133 0 -0.372611
node 7 5 79 1 5.47249984741211
node 8 5 127 0 0.101071
node 9 7 79 1 -0.0390793
node 10 7 2 0 4
node 11 10 135 1 141.868255615234
node 12 10 2 0 0.12125
node 13 11 135 1 0.00681514
node 14 11 135 0 0.0702298
end
7
root 0 127 326964
node 1 0 127 1 195947
node 2 0 127 0 0.113551
node 3 1 127 1 178817
node 4 1 127 0 -0.225211
node 5 3 81 1 33.5340309143066
node 6 3 127 0 0.126037
node 7 5 133 1 142
node 8 5 81 0 0.0638121
node 9 7 133 1 95
node 10 7 133 0 0.0442291
node 11 9 133 1 60
node 12 9 133 0 -0.190713
node 13 11 133 1 -0.0064098
node 14 11 133 0 0.11088
end
7
root 0 127 76826000
node 1 0 127 1 129566
node 2 0 127 0 -0.239847
node 3 1 133 1 36
node 4 1 127 0 0.111481
node 5 3 81 1 83.3210220336914
node 6 3 133 0 0.0395724
node 7 5 36 1 5
node 8 5 81 0 -0.306742
node 9 7 57 1 0.666666984558105
node 10 7 36 0 0.0951281
node 11 9 49 1 0.0650219991803169
node 12 9 57 0 0.0614388
node 13 11 49 1 -0.035929
node 14 11 49 0 0.0144457
end
7
root 0 127 178817
node 1 0 123 1 -1.49165296554565
node 2 0 127 0 0.0989807
node 3 1 116 1 -5.6628098487854
node 4 1 123 0 -0.107941
node 5 3 76 1 65.6053009033203
node 6 3 116 0 0.102029
node 7 5 53 1 0.142857000231743
node 8 5 76 0 -0.264192
node 9 7 135 1 214.199996948242
node 10 7 53 0 0.0455305
node 11 9 134 1 847
node 12 9 135 0 -0.256645
node 13 11 134 1 -0.00597075
node 14 11 134 0 0.0743068
end
7
root 0 127 129566
node 1 0 81 1 33.5340309143066
node 2 0 127 0 0.0873928
node 3 1 110 1 -2.22245407104492
node 4 1 81 0 0.0735593
node 5 3 110 1 -2.30125093460083
node 6 3 110 0 -0.0844243
node 7 5 134 1 847
node 8 5 110 0 0.0958526
node 9 7 133 1 938
node 10 7 134 0 0.0693514
node 11 9 109 1 53.5276145935059
node 12 9 133 0 -0.290459
node 13 11 109 1 -0.00611602
node 14 11 109 0 0.0657776
end
7
root 0 127 326964
node 1 0 127 1 195947
node 2 0 127 0 0.0830507
node 3 1 127 1 178817
node 4 1 127 0 -0.248608
node 5 3 49 1 0.0650219991803169
node 6 3 127 0 0.117795
node 7 5 49 1 -0.0261766
node 8 5 129 0 65455
node 9 8 134 1 3441
node 10 8 129 0 0.114797
node 11 9 11 1 5
node 12 9 134 0 0.110155
node 13 11 11 1 0.00768308
node 14 11 11 0 0.0552758
end
7
root 0 127 144870
node 1 0 31 1 7
node 2 0 127 0 0.0793364
node 3 1 31 1 5
node 4 1 31 0 -0.279022
node 5 3 107 1 10.788519859314
node 6 3 31 0 0.0903028
node 7 5 107 1 -0.0415493
node 8 5 134 0 1154
node 9 8 11 1 4
node 10 8 134 0 0.0999286
node 11 9 118 1 -6.89535188674927
node 12 9 11 0 0.0549709
node 13 11 118 1 0.00182692
node 14 11 118 0 -0.326941
end
7
root 0 127 326964
node 1 0 133 1 36
node 2 0 127 0 0.0831938
node 3 1 135 1 128.5
node 4 1 133 0 0.0371602
node 5 3 109 1 32.951774597168
node 6 3 135 0 0.0549189
node 7 5 3 1 3
node 8 5 109 0 0.0283032
node 9 7 48 1 0.375
node 10 7 3 0 0.132387
node 11 9 49 1 0.230768993496895
node 12 9 48 0 0.045914
node 13 11 49 1 -0.0238076
node 14 11 49 0 -0.132578
end
7
root 0 127 326964
node 1 0 51 1 0.5
node 2 0 127 0 0.075963
node 3 1 49 1 0.0650219991803169
node 4 1 51 0 0.0758027
node 5 3 49 1 -0.0296518
node 6 3 129 0 65455
node 7 6 118 1 -6.89535188674927
node 8 6 129 0 0.111436
node 9 7 126 1 24
node 10 7 118 0 0.110045
node 11 9 126 1 0.0591391
node 12 9 127 0 178817
node 13 12 127 1 -0.00270276
node 14 12 127 0 0.114864
end
7
root 0 127 326964
node 1 0 81 1 33.5340309143066
node 2 0 127 0 0.0667509
node 3 1 107 1 10.5983371734619
node 4 1 81 0 0.0773456
node 5 3 107 1 -0.0385346
node 6 3 134 0 1042
node 7 6 14 1 7
node 8 6 134 0 0.0902389
node 9 7 14 1 0.107388
node 10 7 59 0 0.143885001540184
node 11 10 49 1 0.271845012903214
node 12 10 59 0 -0.17018
node 13 11 49 1 0.00830248
node 14 11 49 0 0.0882652
end
7
root 0 127 129566
node 1 0 81 1 73.1542205810547
node 2 0 127 0 0.0616058
node 3 1 26 1 5
node 4 1 81 0 -0.244489
node 5 3 49 1 0.271845012903214
node 6 3 26 0 0.0951611
node 7 5 75 1 389.154388427734
node 8 5 49 0 0.053438
node 9 7 51 1 0.5
node 10 7 75 0 -0.229299
node 11 9 86 1 39.6455764770508
node 12 9 51 0 0.0604252
node 13 11 86 1 -0.00761548
node 14 11 86 0 -0.418506
end
7
root 0 127 76826000
node 1 0 127 1 65909672
node 2 0 127 0 -0.398378
node 3 1 127 1 326964
node 4 1 127 0 0.130726
node 5 3 127 1 195947
node 6 3 127 0 0.0559495
node 7 5 127 1 178817
node 8 5 127 0 -0.261534
node 9 7 81 1 33.5340309143066
node 10 7 127 0 0.112527
node 11 9 49 1 0.271845012903214
node 12 9 81 0 0.0748023
node 13 11 49 1 -0.00589041
node 14 11 49 0 0.0498841
end
7
root 0 127 76826000
node 1 0 127 1 65909672
node 2 0 127 0 -0.303741
node 3 1 127 1 114118
node 4 1 127 0 0.127026
node 5 3 71 1 42.316276550293
node 6 3 127 0 0.0553857
node 7 5 26 1 3
node 8 5 71 0 0.0447863
node 9 7 105 1 50.4199714660645
node 10 7 26 0 -0.415409
node 11 9 94 1 2086.05200195312
node 12 9 105 0 0.0704725
node 13 11 94 1 0.000216913
node 14 11 94 0 -0.0692987
end
7
root 0 127 114118
node 1 0 81 1 33.5340309143066
node 2 0 127 0 0.0517762
node 3 1 49 1 0.0650219991803169
node 4 1 81 0 0.0701861
node 5 3 49 1 -0.0247308
node 6 3 129 0 65481
node 7 6 118 1 -6.89535188674927
node 8 6 129 0 0.109732
node 9 7 126 1 24
node 10 7 118 0 0.107049
node 11 9 126 1 0.0558021
node 12 9 134 0 20
node 13 12 134 1 -0.00982625
node 14 12 134 0 0.0798804
end
7
root 0 127 76826000
node 1 0 127 1 65909672
node 2 0 127 0 -0.263304
node 3 1 127 1 114118
node 4 1 127 0 0.122688
node 5 3 135 1 141.868255615234
node 6 3 127 0 0.0494145
node 7 5 124 1 -2.94243693351746
node 8 5 135 0 0.0501124
node 9 7 86 1 9.66746234893799
node 10 7 124 0 -0.0618084
node 11 9 81 1 16.734582901001
node 12 9 86 0 0.0530118
node 13 11 81 1 -0.00298965
node 14 11 81 0 -0.193097
end
7
root 0 129 65523
node 1 0 127 1 6239364
node 2 0 129 0 0.0909207
node 3 1 127 1 2710711
node 4 1 127 0 -0.139206
node 5 3 134 1 108
node 6 3 127 0 0.1167
node 7 5 127 1 1860547
node 8 5 134 0 0.0595536
node 9 7 133 1 227
node 10 7 127 0 -0.360168
node 11 9 135 1 141.868255615234
node 12 9 133 0 -0.0933055
node 13 11 135 1 -0.00524634
node 14 11 135 0 0.0521512
end
7
root 0 129 65523
node 1 0 127 1 6239364
node 2 0 129 0 0.0864361
node 3 1 127 1 2710711
node 4 1 127 0 -0.115546
node 5 3 133 1 36
node 6 3 127 0 0.114904
node 7 5 133 1 17
node 8 5 133 0 0.038325
node 9 7 122 1 -10.7356271743774
node 10 7 133 0 -0.194416
node 11 9 122 1 -0.0308486
node 12 9 111 0 -24.7506084442139
node 13 12 111 1 0.0935298
node 14 12 111 0 0.00658389
end
7
root 0 127 65909672
node 1 0 127 1 326964
node 2 0 127 0 0.110422
node 3 1 127 1 195947
node 4 1 127 0 0.0423834
node 5 3 133 1 1
node 6 3 127 0 -0.234629
node 7 5 71 1 42.316276550293
node 8 5 133 0 0.0281808
node 9 7 109 1 33.1328659057617
node 10 7 71 0 0.0505391
node 11 9 3 1 3
node 12 9 109 0 0.028117
node 13 11 3 1 -0.0163862
node 14 11 3 0 0.129664
end
7
root 0 127 114118
node 1 0 81 1 73.1542205810547
node 2 0 127 0 0.0426515
node 3 1 81 1 33.5340309143066
node 4 1 81 0 -0.25061
node 5 3 107 1 15.4467058181763
node 6 3 81 0 0.0740485
node 7 5 107 1 -0.0205955
node 8 5 107 0 15.4579124450684
node 9 8 107 1 0.111865
node 10 8 121 0 -0.510816991329193
node 11 10 13 1 4
node 12 10 121 0 0.11501
node 13 11 13 1 0.068929
node 14 11 13 0 -0.0042317
end
7
root 0 127 76826000
node 1 0 127 1 65909672
node 2 0 127 0 -0.222892
node 3 1 127 1 6239364
node 4 1 127 0 0.113995
node 5 3 127 1 3586400
node 6 3 127 0 -0.111825
node 7 5 127 1 326964
node 8 5 127 0 0.111852
node 9 7 94 1 2086.05200195312
node 10 7 127 0 0.0734947
node 11 9 65 1 7.999999797903e-05
node 12 9 94 0 -0.0450767
node 13 11 65 1 -0.0106756
node 14 11 65 0 0.0379597
end
7
root 0 127 65909672
node 1 0 127 1 6239364
node 2 0 127 0 0.107257
node 3 1 127 1 3586400
node 4 1 127 0 -0.11418
node 5 3 127 1 114118
node 6 3 127 0 0.110474
node 7 5 130 1 12
node 8 5 127 0 0.0680871
node 9 7 130 1 -0.0901612
node 10 7 133 0 36
node 11 10 135 1 128.5
node 12 10 133 0 0.0355557
node 13 11 135 1 -0.0051011
node 14 11 135 0 0.0507972
end
7
root 0 127 7552
node 1 0 49 1 0.0650219991803169
node 2 0 127 0 0.0426872
node 3 1 49 1 -0.0261687
node 4 1 129 0 65481
node 5 4 126 1 24
node 6 4 129 0 0.10777
node 7 5 126 1 0.0512072
node 8 5 135 0 141.850006103516
node 9 8 135 1 111.433334350586
node 10 8 135 0 0.0716067
node 11 9 130 1 1
node 12 9 135 0 -0.367492
node 13 11 130 1 -0.868469
node 14 11 130 0 2.05984e-05
end
7
root 0 129 65523
node 1 0 127 1 6239364
node 2 0 129 0 0.076731
node 3 1 127 1 2710711
node 4 1 127 0 -0.11497
node 5 3 126 1 33
node 6 3 127 0 0.108699
node 7 5 107 1 25.9137859344482
node 8 5 126 0 -0.0145118
node 9 7 87 1 40.949405670166
node 10 7 107 0 0.0812309
node 11 9 26 1 4
node 12 9 87 0 0.0939466
node 13 11 26 1 0.00807604
node 14 11 26 0 0.104451
end
7
root 0 127 65909672
node 1 0 127 1 6239364
node 2 0 127 0 0.102807
node 3 1 127 1 3586400
node 4 1 127 0 -0.0832675
node 5 3 127 1 114118
node 6 3 127 0 0.1078
node 7 5 79 1 5.47249984741211
node 8 5 127 0 0.0612982
node 9 7 79 1 -0.0259324
node 10 7 115 0 -26.7784538269043
node 11 10 115 1 0.109909
node 12 10 91 0 63.2410163879395
node 13 12 91 1 0.0057861
node 14 12 91 0 0.0803907
end
7
root 0 127 76826000
node 1 0 127 1 65909672
node 2 0 127 0 -0.223036
node 3 1 127 1 1860547
node 4 1 127 0 0.109166
node 5 3 127 1 836301
node 6 3 127 0 -0.0830036
node 7 5 127 1 114118
node 8 5 127 0 0.114616
node 9 7 50 1 0.106951996684074
node 10 7 127 0 0.0700105
node 11 9 54 1 0.0909089967608452
node 12 9 50 0 -0.0560981
node 13 11 54 1 -0.00151806
node 14 11 54 0 0.0805325
end
7
root 0 127 65909672
node 1 0 127 1 6239364
node 2 0 127 0 0.100597
node 3 1 127 1 3586400
node 4 1 127 0 -0.105372
node 5 3 127 1 1860547
node 6 3 127 0 0.107399
node 7 5 127 1 836301
node 8 5 127 0 -0.333213
node 9 7 127 1 326964
node 10 7 127 0 0.113064
node 11 9 127 1 195947
node 12 9 127 0 0.0668735
node 13 11 127 1 0.00025091
node 14 11 127 0 -0.269172
end
7
root 0 127 7552
node 1 0 124 1 -2.94243693351746
node 2 0 127 0 0.039677
node 3 1 57 1 0.666666984558105
node 4 1 124 0 -0.0511312
node 5 3 14 1 170
node 6 3 57 0 0.0742963
node 7 5 14 1 0.0380863
node 8 5 54 0 0.119999997317791
node 9 8 77 1 5.44815111160278
node 10 8 54 0 -0.386727
node 11 9 77 1 -0.0302365
node 12 9 111 0 -24.7506084442139
node 13 12 111 1 0.0954491
node 14 12 111 0 0.00964542
end
7
root 0 129 65523
node 1 0 127 1 6239364
node 2 0 129 0 0.0690142
node 3 1 127 1 2710711
node 4 1 127 0 -0.0965993
node 5 3 48 1 0.375
node 6 3 127 0 0.106095
node 7 5 133 1 95
node 8 5 48 0 0.0367694
node 9 7 133 1 60
node 10 7 133 0 -0.0455407
node 11 9 133 1 58
node 12 9 133 0 0.107158
node 13 11 133 1 -0.00119248
node 14 11 133 0 -0.497776
end
7
root 0 127 7552
node 1 0 48 1 0.375
node 2 0 127 0 0.0420987
node 3 1 63 1 0.1875
node 4 1 48 0 0.0333605
node 5 3 122 1 -10.7356271743774
node 6 3 63 0 -0.076371
node 7 5 122 1 -0.0313347
node 8 5 121 0 -27.0378112792969
node 9 8 121 1 0.0868284
node 10 8 92 0 86.9254913330078
node 11 10 67 1 0.0399999991059303
node 12 10 92 0 0.0828288
node 13 11 67 1 0.000185459
node 14 11 67 0 0.10937
end
5
root 0 49 0.5
node 1 0 126 1 33
node 2 0 49 0 -0.358042
node 3 1 127 1 129566
node 4 1 37 0 4
node 5 3 107 1 25.9137859344482
node 6 3 127 0 0.0789048
node 7 4 127 1 30648076
node 8 4 37 0 -0.182466
node 9 5 107 1 0.011886
node 10 5 107 0 0.0855855
node 11 7 76 1 27.7708702087402
node 12 7 127 0 -0.337833
node 13 11 76 1 -0.0123097
node 14 11 76 0 -0.187918
end
7
root 0 126 9
node 1 0 126 1 -0.603587
node 2 0 126 0 12
node 3 2 126 1 0.0828392
node 4 2 130 0 14
node 5 4 130 1 -0.097529
node 6 4 133 0 5
node 7 6 130 1 349
node 8 6 133 0 0.0340695
node 9 7 130 1 0.0567089
node 10 7 69 0 0.000507000018842518
node 11 10 65 1 0.000287000002572313
node 12 10 69 0 -0.0561189
node 13 11 65 1 -0.00285832
node 14 11 65 0 0.0557954
end
6
root 0 127 7552
node 1 0 49 1 0.0783289968967438
node 2 0 127 0 0.0366304
node 3 1 64 1 0.073913000524044
node 4 1 129 0 15244
node 5 3 30 1 164
node 6 3 64 0 -0.302492
node 7 4 129 1 -0.0114505
node 8 4 129 0 0.0521775
node 9 5 109 1 58.5844306945801
node 10 5 30 0 0.123307
node 11 9 133 1 695
node 12 9 109 0 0.112924
node 13 11 133 1 -0.020292
node 14 11 133 0 0.0737558
end
7
root 0 129 65528
node 1 0 127 1 354010
node 2 0 129 0 0.0735706
node 3 1 127 1 326964
node 4 1 127 0 -0.0567448
node 5 3 49 1 0.0650219991803169
node 6 3 127 0 0.0815917
node 7 5 49 1 -0.0176509
node 8 5 129 0 65481
node 9 8 123 1 -1.71479797363281
node 10 8 129 0 0.107321
node 11 9 53 1 0.166666999459267
node 12 9 123 0 -0.141182
node 13 11 53 1 0.0141417
node 14 11 53 0 0.0667854
end
7
root 0 126 19
node 1 0 126 1 0.0469785
node 2 0 129 0 65523
node 3 2 134 1 136
node 4 2 129 0 -0.247647
node 5 3 133 1 490
node 6 3 134 0 0.0730482
node 7 5 59 1 0.0621119998395443
node 8 5 133 0 -0.119981
node 9 7 45 1 0.112299002707005
node 10 7 59 0 -0.0315136
node 11 9 127 1 3586400
node 12 9 45 0 0.0754154
node 13 11 127 1 -0.00636295
node 14 11 127 0 0.0837953
end
5
root 0 127 76826000
node 1 0 126 1 33
node 2 0 127 0 -0.236503
node 3 1 107 1 25.9137859344482
node 4 1 134 0 188
node 5 3 127 1 326964
node 6 3 107 0 0.081837
node 7 4 127 1 178817
node 8 4 134 0 -0.184262
node 9 5 127 1 0.0117186
node 10 5 127 0 0.0783016
node 11 7 2 1 4
node 12 7 127 0 -0.0900323
node 13 11 2 1 -0.0120844
node 14 11 2 0 0.0986746
end
7
root 0 65 0.0196979995816946
node 1 0 132 1 75
node 2 0 65 0 0.0674362
node 3 1 2 1 4
node 4 1 132 0 -0.0564194
node 5 3 48 1 0.375
node 6 3 2 0 0.102952
node 7 5 127 1 1678
node 8 5 48 0 0.044845
node 9 7 57 1 0.666666984558105
node 10 7 127 0 0.040031
node 11 9 53 1 0.18181799352169
node 12 9 57 0 0.0548164
node 13 11 53 1 -0.00263195
node 14 11 53 0 -0.143107
end
7
root 0 50 0.0967739969491959
node 1 0 54 1 0.0975610017776489
node 2 0 50 0 -0.0526869
node 3 1 122 1 -10.7356271743774
node 4 1 54 0 0.0910409
node 5 3 122 1 -0.0238977
node 6 3 111 0 -24.725643157959
node 7 6 111 1 0.0810361
node 8 6 69 0 0.000176000001374632
node 9 8 127 1 3586400
node 10 8 69 0 0.0476282
node 11 9 41 1 0.888889014720917
node 12 9 127 0 0.0950367
node 13 11 41 1 -0.00742892
node 14 11 41 0 0.0822344
end
7
root 0 94 1486.01342773438
node 1 0 92 1 86.8255310058594
node 2 0 94 0 -0.0377964
node 3 1 127 1 129566
node 4 1 92 0 0.0659568
node 5 3 44 1 1056.25
node 6 3 127 0 0.0427886
node 7 5 133 1 625
node 8 5 44 0 0.122181
node 9 7 109 1 25.3042678833008
node 10 7 133 0 0.0806205
node 11 9 109 1 23.5464725494385
node 12 9 109 0 0.024706
node 13 11 109 1 -0.00333648
node 14 11 109 0 -0.11023
end
6
root 0 127 76826000
node 1 0 126 1 33
node 2 0 127 0 -0.231419
node 3 1 14 1 249
node 4 1 127 0 195947
node 5 3 14 1 0.0558039
node 6 3 14 0 -0.0117066
node 7 4 91 1 28.1081981658936
node 8 4 127 0 -0.0913988
node 9 7 37 1 4
node 10 7 91 0 0.0462586
node 11 9 135 1 141.868255615234
node 12 9 37 0 -0.142805
node 13 11 135 1 -0.016166
node 14 11 135 0 0.0402258
end
5
root 0 128 0
node 1 0 133 1 227
node 2 0 52 0 0.5
node 3 1 27 1 4
node 4 1 133 0 -0.145442
node 5 2 14 1 170
node 6 2 52 0 0.091206
node 7 3 127 1 30648076
node 8 3 27 0 0.110693
node 9 5 14 1 0.0663954
node 10 5 14 0 0.00655348
node 11 7 127 1 6239364
node 12 7 127 0 0.675644
node 13 11 127 1 -0.0215232
node 14 11 127 0 -0.231123
end
7
root 0 54 0.0909089967608452
node 1 0 129 1 63618
node 2 0 54 0 0.0451442
node 3 1 54 1 0.0756099969148636
node 4 1 129 0 0.0435703
node 5 3 133 1 1291
node 6 3 54 0 -0.102665
node 7 5 107 1 15.3580837249756
node 8 5 133 0 -0.222387
node 9 7 107 1 -0.025679
node 10 7 19 0 3.42495203018188
node 11 10 19 1 0.108698
node 12 10 121 0 -0.510824978351593
node 13 12 121 1 0.00958428
node 14 12 121 0 0.113997
end
7
root 0 129 8535
node 1 0 129 1 -0.0185817
node 2 0 54 0 0.0966389998793602
node 3 2 109 1 52.8190498352051
node 4 2 54 0 0.0838603
node 5 3 54 1 0.0953880026936531
node 6 3 109 0 0.14601
node 7 5 129 1 8542
node 8 5 54 0 -0.356424
node 9 7 129 1 1.0765
node 10 7 107 0 25.9566059112549
node 11 10 107 1 25.9245319366455
node 12 10 107 0 0.0599734
node 13 11 107 1 0.00271944
node 14 11 107 0 -0.368276
end
7
root 0 64 0.108652003109455
node 1 0 64 1 0.0909089967608452
node 2 0 64 0 -0.0655122
node 3 1 129 1 63383
node 4 1 64 0 0.0828277
node 5 3 55 1 0.25
node 6 3 129 0 0.0455968
node 7 5 79 1 5.47249984741211
node 8 5 55 0 0.0664494
node 9 7 79 1 -0.0311426
node 10 7 91 0 19.5032138824463
node 11 10 115 1 -26.8500938415527
node 12 10 91 0 0.0774366
node 13 11 115 1 0.0949811
node 14 11 115 0 0.00175522
end
6
root 0 45 0.0845070034265518
node 1 0 55 1 0.0843370035290718
node 2 0 111 0 -1.20385205745697
node 3 1 109 1 58.4278564453125
node 4 1 55 0 -0.200613
node 5 2 111 1 0.0202693
node 6 2 111 0 0.122953
node 7 3 65 1 0.0003969999961555
node 8 3 109 0 0.114113
node 9 7 127 1 3586400
node 10 7 65 0 -0.115179
node 11 9 59 1 0.0322320014238358
node 12 9 127 0 0.071554
node 13 11 59 1 -0.025499
node 14 11 59 0 0.0191798
end
6
root 0 11 66
node 1 0 126 1 33
node 2 0 11 0 -0.219162
node 3 1 14 1 255
node 4 1 127 0 30648076
node 5 3 14 1 0.0542111
node 6 3 14 0 -0.0108201
node 7 4 86 1 13.8854360580444
node 8 4 127 0 -0.298621
node 9 7 71 1 49.1445655822754
node 10 7 86 0 0.0458239
node 11 9 105 1 50.4199714660645
node 12 9 71 0 0.116134
node 13 11 105 1 -0.0206076
node 14 11 105 0 0.0499774
end
7
root 0 127 7552
node 1 0 133 1 142
node 2 0 127 0 0.0399159
node 3 1 50 1 0.106951996684074
node 4 1 133 0 0.0535054
node 5 3 50 1 0.104166999459267
node 6 3 50 0 -0.0673454
node 7 5 54 1 0.0909089967608452
node 8 5 50 0 0.110273
node 9 7 134 1 361
node 10 7 54 0 0.070106
node 11 9 134 1 339
node 12 9 134 0 -0.141656
node 13 11 134 1 -0.00734432
node 14 11 134 0 0.154425
end
6
root 0 77 40.949405670166
node 1 0 86 1 69.3797607421875
node 2 0 77 0 0.105742
node 3 1 128 1 0
node 4 1 86 0 -0.264263
node 5 3 133 1 227
node 6 3 14 0 172
node 7 5 133 1 -0.017319
node 8 5 133 0 -0.123874
node 9 6 14 1 0.05654
node 10 6 14 0 173
node 11 10 14 1 -0.240642
node 12 10 53 0 0.142857000231743
node 13 12 53 1 0.000959567
node 14 12 53 0 0.0629585
end
7
root 0 54 0.0967739969491959
node 1 0 75 1 389.154388427734
node 2 0 54 0 0.0447519
node 3 1 135 1 18.6000003814697
node 4 1 75 0 -0.218768
node 5 3 129 1 65527
node 6 3 135 0 0.0243775
node 7 5 133 1 1
node 8 5 129 0 0.102479
node 9 7 71 1 27.7708702087402
node 10 7 133 0 -0.102065
node 11 9 45 1 0.0848210006952286
node 12 9 71 0 0.0435725
node 13 11 45 1 -0.0239594
node 14 11 45 0 0.0162716
end
7
root 0 77 40.949405670166
node 1 0 84 1 95.1104583740234
node 2 0 77 0 0.103312
node 3 1 45 1 0.0845070034265518
node 4 1 84 0 -0.0303871
node 5 3 70 1 201.074234008789
node 6 3 45 0 0.0314767
node 7 5 47 1 0.833333015441895
node 8 5 70 0 0.133643
node 9 7 42 1 5.55555582046509
node 10 7 47 0 0.0754209
node 11 9 32 1 4
node 12 9 42 0 -0.409275
node 13 11 32 1 -0.00719485
node 14 11 32 0 0.129906
end
6
root 0 77 40.949405670166
node 1 0 128 1 0
node 2 0 77 0 0.0997138
node 3 1 77 1 11.1067790985107
node 4 1 10 0 140
node 5 3 77 1 -0.0140535
node 6 3 77 0 -0.118116
node 7 4 10 1 0.0594646
node 8 4 127 0 3586400
node 9 8 73 1 13.9253149032593
node 10 8 127 0 0.0842204
node 11 9 48 1 0.333332985639572
node 12 9 73 0 0.0432726
node 13 11 48 1 -0.00967925
node 14 11 48 0 0.117562
end
5
root 0 127 76826000
node 1 0 126 1 33
node 2 0 127 0 -0.23951
node 3 1 19 1 20.5502243041992
node 4 1 77 0 53.0034637451172
node 5 3 91 1 49.7806358337402
node 6 3 19 0 0.0717365
node 7 4 77 1 40.949405670166
node 8 4 77 0 -0.223528
node 9 5 91 1 0.0155113
node 10 5 91 0 -0.271581
node 11 7 15 1 20.5532474517822
node 12 7 77 0 0.103643
node 13 11 15 1 -0.00784971
node 14 11 15 0 -0.0644923
end
7
root 0 127 7552
node 1 0 77 1 40.949405670166
node 2 0 127 0 0.0320503
node 3 1 125 1 1
node 4 1 77 0 0.0939305
node 5 3 125 1 0.0272747
node 6 3 48 0 0.454544991254807
node 7 6 133 1 1291
node 8 6 48 0 -0.219149
node 9 7 13 1 4
node 10 7 133 0 -0.186758
node 11 9 13 1 0.0765903
node 12 9 59 0 0.0621119998395443
node 13 12 59 1 -0.00771499
node 14 12 59 0 -0.0393978
end
7
root 0 51 0.5
node 1 0 135 1 18.6000003814697
node 2 0 51 0 0.0538081
node 3 1 129 1 65527
node 4 1 135 0 0.0258497
node 5 3 64 1 0.105881996452808
node 6 3 129 0 0.101175
node 7 5 60 1 0.09375
node 8 5 64 0 -0.0728549
node 9 7 133 1 0
node 10 7 60 0 0.0688993
node 11 9 71 1 27.7708702087402
node 12 9 133 0 -0.0828887
node 13 11 71 1 -0.00941724
node 14 11 71 0 0.0446343
end
6
root 0 40 47.1875
node 1 0 65 1 8.90000010258518e-05
node 2 0 40 0 -0.0333455
node 3 1 127 1 114118
node 4 1 125 0 1
node 5 3 0 1 4
node 6 3 127 0 0.0466762
node 7 4 125 1 0.0981713
node 8 4 125 0 0.0161978
node 9 5 64 1 0.0909089967608452
node 10 5 0 0 0.0947597
node 11 9 64 1 0.0903080031275749
node 12 9 64 0 0.0331241
node 13 11 64 1 -0.0154004
node 14 11 64 0 -0.368143
end
7
root 0 135 371.720001220703
node 1 0 129 1 4995
node 2 0 135 0 0.131163
node 3 1 129 1 -0.0193969
node 4 1 109 0 53.5276145935059
node 5 4 54 1 0.0933329984545708
node 6 4 109 0 0.0949684
node 7 5 129 1 4998
node 8 5 54 0 0.0540689
node 9 7 129 1 0.119962
node 10 7 59 0 0.0621119998395443
node 11 10 69 1 0.000178000002051704
node 12 10 59 0 -0.04123
node 13 11 69 1 0.00234946
node 14 11 69 0 0.0573143
end
7
root 0 135 371.720001220703
node 1 0 65 1 0.0196979995816946
node 2 0 135 0 0.125585
node 3 1 125 1 1
node 4 1 65 0 0.0656457
node 5 3 125 1 0.0278057
node 6 3 129 0 65527
node 7 6 79 1 5.47249984741211
node 8 6 129 0 0.0998635
node 9 7 79 1 -0.0342379
node 10 7 41 0 0.6875
node 11 10 89 1 7.40574407577515
node 12 10 41 0 0.0741996
node 13 11 89 1 0.0804888
node 14 11 89 0 0.000356054
end
7
root 0 135 371.720001220703
node 1 0 45 1 0.333332985639572
node 2 0 135 0 0.119872
node 3 1 45 1 0.285714000463486
node 4 1 45 0 -0.123914
node 5 3 49 1 0.241135001182556
node 6 3 45 0 0.0619718
node 7 5 7 1 0.571429014205933
node 8 5 49 0 -0.162618
node 9 7 7 1 -0.0196589
node 10 7 121 0 -42.6687812805176
node 11 10 121 1 0.111668
node 12 10 134 0 847
node 13 12 134 1 0.0102702
node 14 12 134 0 0.0854381
end
6
root 0 135 371.720001220703
node 1 0 126 1 33
node 2 0 135 0 0.116243
node 3 1 14 1 255
node 4 1 109 0 53.5276145935059
node 5 3 14 1 0.0494061
node 6 3 14 0 -0.0160857
node 7 4 15 1 20.5532474517822
node 8 4 109 0 0.0464742
node 9 7 127 1 3586400
node 10 7 15 0 -0.0773382
node 11 9 127 1 354010
node 12 9 127 0 0.0760507
node 13 11 127 1 -0.00995972
node 14 11 127 0 -0.130648
end
7
root 0 50 0.103774003684521
node 1 0 127 1 3586400
node 2 0 50 0 -0.0594114
node 3 1 54 1 0.0933329984545708
node 4 1 127 0 0.067622
node 5 3 52 1 0.5
node 6 3 54 0 0.0590441
node 7 5 135 1 371.720001220703
node 8 5 52 0 0.0702875
node 9 7 127 1 234
node 10 7 135 0 0.1117
node 11 9 133 1 36
node 12 9 127 0 0.0256204
node 13 11 133 1 -0.0108297
node 14 11 133 0 0.0553248
end
7
root 0 127 3586400
node 1 0 127 1 195947
node 2 0 127 0 0.0655952
node 3 1 61 1 0.5
node 4 1 127 0 -0.0652598
node 5 3 78 1 11.4862728118896
node 6 3 61 0 0.0727764
node 7 5 52 1 0.5
node 8 5 78 0 -0.106902
node 9 7 60 1 0.0120479995384812
node 10 7 52 0 0.0780451
node 11 9 60 1 -0.0281364
node 12 9 118 0 -7.23576784133911
node 13 12 118 1 0.00880744
node 14 12 118 0 0.152909
end
7
root 0 79 403.831298828125
node 1 0 62 1 0.5
node 2 0 79 0 -0.240437
node 3 1 77 1 40.949405670166
node 4 1 62 0 0.0547046
node 5 3 67 1 0.0138889998197556
node 6 3 77 0 0.0971096
node 7 5 127 1 706
node 8 5 67 0 -0.044976
node 9 7 135 1 141.868255615234
node 10 7 127 0 0.0358256
node 11 9 133 1 36
node 12 9 135 0 0.0453562
node 13 11 133 1 -0.00769955
node 14 11 133 0 0.0486238
end
7
root 0 44 58.5
node 1 0 65 1 0.000165000004926696
node 2 0 44 0 -0.034679
node 3 1 127 1 114118
node 4 1 65 0 0.0408795
node 5 3 91 1 57.0185241699219
node 6 3 127 0 0.0545051
node 7 5 42 1 2.25
node 8 5 91 0 0.0769823
node 9 7 49 1 0.25
node 10 7 42 0 0.125808
node 11 9 85 1 9.47687721252441
node 12 9 49 0 0.0540367
node 13 11 85 1 -0.0438784
node 14 11 85 0 0.00779542
end
7
root 0 127 76826000
node 1 0 129 1 8535
node 2 0 127 0 -0.261753
node 3 1 129 1 -0.0162911
node 4 1 109 0 52.8190498352051
node 5 4 54 1 0.0933329984545708
node 6 4 109 0 0.110257
node 7 5 129 1 9388
node 8 5 54 0 0.0558207
node 9 7 129 1 0.0999416
node 10 7 48 0 0.375
node 11 10 47 1 0.833333015441895
node 12 10 48 0 -0.111454
node 13 11 47 1 0.00109842
node 14 11 47 0 0.0870018
end
6
root 0 52 0.5
node 1 0 125 1 1
node 2 0 52 0 -0.0530105
node 3 1 127 1 347
node 4 1 129 0 65528
node 5 3 127 1 0.0176022
node 6 3 127 0 0.123423
node 7 4 42 1 5.55555582046509
node 8 4 129 0 0.0992277
node 9 7 79 1 5.47249984741211
node 10 7 42 0 -0.184301
node 11 9 79 1 -0.0298871
node 12 9 41 0 0.6875
node 13 12 41 1 0.00670354
node 14 12 41 0 0.0690738
end
5
root 0 58 0.166666999459267
node 1 0 129 1 10350
node 2 0 58 0 0.0475358
node 3 1 133 1 58
node 4 1 109 0 53.495288848877
node 5 3 76 1 10.4506025314331
node 6 3 133 0 -0.118988
node 7 4 67 1 0.046875
node 8 4 109 0 0.106467
node 9 5 76 1 -0.0145378
node 10 5 76 0 -0.16802
node 11 7 128 1 0
node 12 7 67 0 0.11668
node 13 11 128 1 -0.0261914
node 14 11 128 0 0.0283481
end
7
root 0 62 0.5
node 1 0 14 1 170
node 2 0 62 0 0.0724656
node 3 1 14 1 0.0181113
node 4 1 135 0 371.720001220703
node 5 4 127 1 3586400
node 6 4 135 0 0.118216
node 7 5 127 1 1860547
node 8 5 127 0 0.0693997
node 9 7 127 1 696776
node 10 7 127 0 -0.329484
node 11 9 67 1 0.046875
node 12 9 127 0 0.103524
node 13 11 67 1 -0.0123019
node 14 11 67 0 0.0700314
end
7
root 0 127 211
node 1 0 133 1 142
node 2 0 127 0 0.0229297
node 3 1 134 1 1488
node 4 1 133 0 0.0554556
node 5 3 126 1 20
node 6 3 134 0 -0.17033
node 7 5 126 1 0.0346443
node 8 5 19 0 20.5502243041992
node 9 8 49 1 0.203390002250671
node 10 8 19 0 -0.0639685
node 11 9 85 1 111.119972229004
node 12 9 49 0 -0.0813688
node 13 11 85 1 0.000418873
node 14 11 85 0 -0.11425
end
6
root 0 52 0.5
node 1 0 126 1 33
node 2 0 52 0 0.0693046
node 3 1 69 1 0.000178000002051704
node 4 1 36 0 3
node 5 3 69 1 -0.00884413
node 6 3 69 0 0.0537396
node 7 4 133 1 1291
node 8 4 36 0 -0.207542
node 9 7 19 1 20.5502243041992
node 10 7 133 0 -0.174377
node 11 9 36 1 1
node 12 9 19 0 -0.0668581
node 13 11 36 1 -0.00780089
node 14 11 36 0 0.0472422
end
5
root 0 131 4
node 1 0 52 1 0.5
node 2 0 11 0 4
node 3 1 125 1 1
node 4 1 52 0 0.10703
node 5 2 47 1 0.571429014205933
node 6 2 11 0 0.0425194
node 7 3 125 1 0.06573
node 8 3 125 0 0.00191151
node 9 5 135 1 371.720001220703
node 10 5 47 0 -0.0720571
node 11 9 49 1 0.271845012903214
node 12 9 135 0 0.115458
node 13 11 49 1 -0.0166817
node 14 11 49 0 0.0659093
end
7
root 0 61 0.5
node 1 0 126 1 20
node 2 0 61 0 0.0468613
node 3 1 126 1 0.0229092
node 4 1 126 0 21
node 5 4 126 1 -0.169313
node 6 4 127 0 1823
node 7 6 53 1 0.166666999459267
node 8 6 127 0 0.0298936
node 9 7 53 1 0.153845995664597
node 10 7 53 0 0.0912748
node 11 9 79 1 5.47249984741211
node 12 9 53 0 -0.106843
node 13 11 79 1 -0.0299068
node 14 11 79 0 0.00638297
end
7
root 0 62 0.5
node 1 0 127 1 471878
node 2 0 62 0 0.0653144
node 3 1 127 1 354010
node 4 1 127 0 0.0420216
node 5 3 21 1 6
node 6 3 127 0 -0.275679
node 7 5 77 1 40.949405670166
node 8 5 21 0 -0.0566803
node 9 7 71 1 42.5807151794434
node 10 7 77 0 0.0954414
node 11 9 14 1 170
node 12 9 71 0 0.0570923
node 13 11 14 1 0.0176121
node 14 11 14 0 -0.0100011
end
7
root 0 51 0.5
node 1 0 24 1 195
node 2 0 51 0 0.0646169
node 3 1 82 1 14.5705327987671
node 4 1 24 0 0.0687387
node 5 3 27 1 1
node 6 3 82 0 -0.032519
node 7 5 107 1 23.8196392059326
node 8 5 27 0 0.0641272
node 9 7 133 1 1291
node 10 7 107 0 0.0326344
node 11 9 107 1 23.5434741973877
node 12 9 133 0 -0.417751
node 13 11 107 1 -0.00368895
node 14 11 107 0 -0.317967
end
7
root 0 126 124
node 1 0 126 1 123
node 2 0 126 0 -0.173992
node 3 1 62 1 0.5
node 4 1 126 0 0.107967
node 5 3 63 1 0.222222000360489
node 6 3 62 0 0.0620949
node 7 5 52 1 0.117646999657154
node 8 5 63 0 -0.101165
node 9 7 51 1 0.5
node 10 7 52 0 0.0203493
node 11 9 133 1 40
node 12 9 51 0 -0.282297
node 13 11 133 1 -0.00721966
node 14 11 133 0 -0.0801395
end
4
root 0 129 8535
node 1 0 50 1 0.106951996684074
node 2 0 107 0 25.9566059112549
node 3 1 53 1 0.166666999459267
node 4 1 50 0 -0.163461
node 5 2 129 1 8542
node 6 2 107 0 0.0667762
node 7 3 52 1 0.5
node 8 3 53 0 0.101408
node 9 5 129 1 0.424977
node 10 5 14 0 169
node 11 7 52 1 -0.011923
node 12 7 52 0 -0.100987
node 13 10 14 1 0.0327318
node 14 10 14 0 -0.00870966
end
7
root 0 64 0.00886099971830845
node 1 0 64 1 -0.033662
node 2 0 134 0 190
node 3 2 134 1 188
node 4 2 134 0 0.0775897
node 5 3 118 1 -7.23576784133911
node 6 3 134 0 -0.516403
node 7 5 135 1 371.720001220703
node 8 5 118 0 0.110981
node 9 7 126 1 27
node 10 7 135 0 0.114271
node 11 9 126 1 0.0272782
node 12 9 128 0 0
node 13 12 128 1 -0.0365825
node 14 12 128 0 0.0113202
end
7
root 0 127 7552
node 1 0 62 1 0.5
node 2 0 127 0 0.0349347
node 3 1 53 1 0.222222000360489
node 4 1 62 0 0.0585763
node 5 3 55 1 0.0252529997378588
node 6 3 53 0 -0.0897083
node 7 5 55 1 -0.0260828
node 8 5 123 0 -1.71473896503448
node 9 8 129 1 56532
node 10 8 123 0 0.126666
node 11 9 127 1 6683
node 12 9 129 0 0.0612795
node 13 11 127 1 -0.00315349
node 14 11 127 0 -0.400839
end
7
root 0 62 0.5
node 1 0 55 1 0.364865005016327
node 2 0 62 0 -0.0923378
node 3 1 127 1 7552
node 4 1 55 0 -0.203962
node 5 3 65 1 0.0196979995816946
node 6 3 127 0 0.0314914
node 7 5 134 1 145817
node 8 5 65 0 0.0657909
node 9 7 133 1 142
node 10 7 134 0 -0.29329
node 11 9 67 1 0.00374999991618097
node 12 9 133 0 0.0426557
node 13 11 67 1 0.0067697
node 14 11 67 0 -0.0209278
end
7
root 0 62 0.5
node 1 0 48 1 0.375
node 2 0 62 0 0.0619994
node 3 1 93 1 102.699913024902
node 4 1 48 0 0.0313255
node 5 3 127 1 848
node 6 3 93 0 0.116022
node 7 5 135 1 141.868255615234
node 8 5 127 0 0.0219422
node 9 7 133 1 311
node 10 7 135 0 0.0372481
node 11 9 133 1 301
node 12 9 133 0 0.0497133
node 13 11 133 1 -0.00951886
node 14 11 133 0 -0.256294
end
7
root 0 81 23.8060054779053
node 1 0 52 1 0.5
node 2 0 81 0 -0.059022
node 3 1 77 1 40.949405670166
node 4 1 52 0 -0.0445303
node 5 3 71 1 42.5807151794434
node 6 3 77 0 0.0934947
node 7 5 14 1 170
node 8 5 71 0 0.0618585
node 9 7 14 1 0.0192931
node 10 7 10 0 162
node 11 10 10 1 -0.202803
node 12 10 135 0 371.720001220703
node 13 12 135 1 -0.00388961
node 14 12 135 0 0.1126
end
7
root 0 52 0.5
node 1 0 130 1 29
node 2 0 52 0 0.0622743
node 3 1 130 1 -0.0891666
node 4 1 130 0 349
node 5 4 130 1 0.0590611
node 6 4 86 0 10.4140768051147
node 7 6 71 1 37.4247436523438
node 8 6 86 0 0.039143
node 9 7 82 1 14.5264596939087
node 10 7 71 0 -0.140834
node 11 9 39 1 136.66667175293
node 12 9 82 0 -0.0339832
node 13 11 39 1 0.00131501
node 14 11 39 0 0.125974
end
6
root 0 52 0.5
node 1 0 77 1 5.92050886154175
node 2 0 52 0 -0.0935434
node 3 1 50 1 0.0286679994314909
node 4 1 110 0 -16.7412242889404
node 5 3 50 1 0.025000000372529
node 6 3 50 0 -0.0638001
node 7 4 110 1 0.124462
node 8 4 110 0 0.0198486
node 9 5 135 1 0.600000023841858
node 10 5 50 0 0.0874302
node 11 9 135 1 -0.0211087
node 12 9 135 0 0.800000011920929
node 13 12 135 1 0.129977
node 14 12 135 0 0.0122123
end
7
root 0 52 0.5
node 1 0 67 1 0.00326499994844198
node 2 0 52 0 0.0632314
node 3 1 67 1 0.0030759999062866
node 4 1 67 0 -0.019753
node 5 3 127 1 874
node 6 3 67 0 0.0906663
node 7 5 48 1 0.375
node 8 5 127 0 0.0377205
node 9 7 53 1 0.222222000360489
node 10 7 48 0 0.0390117
node 11 9 133 1 490
node 12 9 53 0 -0.213511
node 13 11 133 1 -0.00801193
node 14 11 133 0 0.0661216
end
7
root 0 61 0.75
node 1 0 49 1 0.0304450001567602
node 2 0 61 0 0.0586235
node 3 1 49 1 -0.0261811
node 4 1 134 0 250
node 5 4 118 1 -7.23576784133911
node 6 4 134 0 0.0856402
node 7 5 49 1 0.0304790008813143
node 8 5 118 0 0.0934918
node 9 7 49 1 0.117315
node 10 7 130 0 56764
node 11 10 131 1 4
node 12 10 130 0 -0.0432314
node 13 11 131 1 0.0345757
node 14 11 131 0 -0.00289297
end
7
root 0 127 195947
node 1 0 126 1 124
node 2 0 127 0 -0.0436003
node 3 1 126 1 123
node 4 1 126 0 -0.16583
node 5 3 52 1 0.5
node 6 3 126 0 0.107084
node 7 5 90 1 1047.0986328125
node 8 5 52 0 0.0605728
node 9 7 40 1 1089
node 10 7 90 0 -0.027534
node 11 9 49 1 0.0868759974837303
node 12 9 40 0 0.123027
node 13 11 49 1 -0.00301489
node 14 11 49 0 0.022545
end
7
root 0 52 0.5
node 1 0 114 1 -3.58049511909485
node 2 0 52 0 -0.0986125
node 3 1 114 1 -3.67390108108521
node 4 1 114 0 0.0288879
node 5 3 77 1 11.1067790985107
node 6 3 114 0 -0.205769
node 7 5 53 1 0.18181799352169
node 8 5 77 0 -0.102568
node 9 7 25 1 87
node 10 7 53 0 0.0816498
node 11 9 86 1 9.85293197631836
node 12 9 25 0 0.116109
node 13 11 86 1 -0.00428157
node 14 11 86 0 0.0392948
end
7
root 0 127 195947
node 1 0 62 1 0.5
node 2 0 127 0 -0.0476406
node 3 1 48 1 0.375
node 4 1 62 0 0.0612056
node 5 3 127 1 706
node 6 3 48 0 0.0342379
node 7 5 64 1 0.0557850003242493
node 8 5 127 0 0.0299316
node 9 7 64 1 0.0556229986250401
node 10 7 64 0 -0.0328938
node 11 9 47 1 0.833333015441895
node 12 9 64 0 0.118945
node 13 11 47 1 -0.00302362
node 14 11 47 0 0.0560249
end
7
root 0 127 706
node 1 0 54 1 0.0909089967608452
node 2 0 127 0 0.0247609
node 3 1 54 1 0.0461539998650551
node 4 1 54 0 0.0339286
node 5 3 62 1 0.5
node 6 3 54 0 -0.0532509
node 7 5 47 1 0.75
node 8 5 62 0 0.0946155
node 9 7 73 1 28.2511291503906
node 10 7 47 0 0.0519449
node 11 9 3 1 3
node 12 9 73 0 0.0493947
node 13 11 3 1 -0.00880372
node 14 11 3 0 -0.421056
end
7
root 0 76 20.8281536102295
node 1 0 132 1 58
node 2 0 76 0 -0.0820096
node 3 1 132 1 54
node 4 1 132 0 -0.0402303
node 5 3 125 1 1
node 6 3 132 0 0.0750761
node 7 5 125 1 0.0318124
node 8 5 129 0 65523
node 9 8 112 1 -1.37097203731537
node 10 8 129 0 0.0897259
node 11 9 59 1 0.070422999560833
node 12 9 112 0 0.0677867
node 13 11 59 1 -0.000618057
node 14 11 59 0 -0.0519926
end
7
root 0 52 0.375
node 1 0 52 1 0.105263002216816
node 2 0 52 0 -0.0422689
node 3 1 128 1 80
node 4 1 52 0 0.0212282
node 5 3 126 1 17
node 6 3 128 0 0.0944385
node 7 5 126 1 -0.0609986
node 8 5 126 0 18
node 9 8 126 1 0.0921936
node 10 8 134 0 313
node 11 10 105 1 52.3817901611328
node 12 10 134 0 0.0798127
node 13 11 105 1 -0.0119423
node 14 11 105 0 0.0527138
end
7
root 0 127 195947
node 1 0 127 1 114118
node 2 0 127 0 -0.0485922
node 3 1 52 1 0.5
node 4 1 127 0 0.0840932
node 5 3 14 1 6
node 6 3 52 0 0.0657285
node 7 5 14 1 0.125033
node 8 5 107 0 15.4423770904541
node 9 8 107 1 -0.0138626
node 10 8 19 0 3.42495203018188
node 11 10 19 1 0.106704
node 12 10 135 0 75.7342834472656
node 13 12 135 1 0.00440457
node 14 12 135 0 0.074816
end
7
root 0 49 0.0187790002673864
node 1 0 49 1 -0.0423292
node 2 0 109 0 2.42415809631348
node 3 2 109 1 0.345853
node 4 2 134 0 250
node 5 4 14 1 5
node 6 4 134 0 0.0746617
node 7 5 14 1 0.116221
node 8 5 113 0 -2.81216311454773
node 9 8 122 1 -0.105359002947807
node 10 8 113 0 0.0722714
node 11 9 122 1 -0.105360001325607
node 12 9 122 0 -0.109391
node 13 11 122 1 0.00331774
node 14 11 122 0 0.116058
end
7
root 0 78 11.4862728118896
node 1 0 62 1 0.5
node 2 0 78 0 -0.0839861
node 3 1 127 1 114118
node 4 1 62 0 0.0730524
node 5 3 14 1 6
node 6 3 127 0 0.0330769
node 7 5 14 1 0.122337
node 8 5 127 0 25797
node 9 8 127 1 25560
node 10 8 127 0 -0.103586
node 11 9 107 1 11.6981172561646
node 12 9 127 0 0.122575
node 13 11 107 1 -0.0184614
node 14 11 107 0 0.00890579
end
7
root 0 127 114118
node 1 0 14 1 6
node 2 0 127 0 0.0297371
node 3 1 14 1 0.107842
node 4 1 79 0 306.866729736328
node 5 4 51 1 0.5
node 6 4 79 0 0.0869711
node 7 5 59 1 0.0443740002810955
node 8 5 51 0 0.0550462
node 9 7 59 1 0.0443429984152317
node 10 7 59 0 -0.0168192
node 11 9 48 1 0.235293999314308
node 12 9 59 0 0.105825
node 13 11 48 1 -0.00538778
node 14 11 48 0 0.0681235
end
7
root 0 61 0.75
node 1 0 14 1 6
node 2 0 61 0 -0.0629311
node 3 1 14 1 0.0953407
node 4 1 132 0 6
node 5 4 92 1 86.2247009277344
node 6 4 132 0 -0.0132805
node 7 5 109 1 53.5276145935059
node 8 5 92 0 0.0590416
node 9 7 75 1 351.087005615234
node 10 7 109 0 0.0913184
node 11 9 117 1 -6.84247589111328
node 12 9 75 0 0.125723
node 13 11 117 1 -0.000662193
node 14 11 117 0 0.053747
end
7
root 0 127 76826000
node 1 0 127 1 706
node 2 0 127 0 -0.281468
node 3 1 126 1 20
node 4 1 127 0 0.0228503
node 5 3 126 1 0.0227982
node 6 3 44 0 1893.55554199219
node 7 6 14 1 4
node 8 6 44 0 -0.150202
node 9 7 14 1 -0.231801
node 10 7 68 0 0.0123460004106164
node 11 10 85 1 307.911071777344
node 12 10 68 0 -0.40538
node 13 11 85 1 -0.00773857
node 14 11 85 0 0.078111
end
7
root 0 127 134574
node 1 0 127 1 129566
node 2 0 127 0 -0.0404408
node 3 1 14 1 6
node 4 1 127 0 0.126957
node 5 3 14 1 0.0742514
node 6 3 122 0 -10.7356271743774
node 7 6 122 1 -0.0180123
node 8 6 112 0 -10.5022411346436
node 9 8 112 1 0.059262
node 10 8 68 0 0.00925900042057037
node 11 10 134 1 3322
node 12 10 68 0 0.0899383
node 13 11 134 1 0.00231352
node 14 11 134 0 -0.359723
end
7
root 0 14 6
node 1 0 14 1 0.0785675
node 2 0 129 0 65532
node 3 2 51 1 0.75
node 4 2 129 0 0.0724779
node 5 3 67 1 0.0138889998197556
node 6 3 51 0 0.0519112
node 7 5 68 1 0.00666699977591634
node 8 5 67 0 -0.0363716
node 9 7 92 1 86.9254913330078
node 10 7 68 0 0.0688094
node 11 9 134 1 136
node 12 9 92 0 0.0419606
node 13 11 134 1 -0.00621214
node 14 11 134 0 0.0365274
end
5
root 0 14 6
node 1 0 14 1 0.0739193
node 2 0 78 0 15.0231161117554
node 3 2 107 1 15.4467058181763
node 4 2 78 0 -0.218783
node 5 3 52 1 0.5
node 6 3 107 0 15.4579124450684
node 7 5 68 1 0.0061730002053082
node 8 5 52 0 -0.212215
node 9 6 107 1 0.105991
node 10 6 122 0 -0.798461973667145
node 11 7 68 1 -0.0142556
node 12 7 68 0 0.055217
node 13 10 122 1 0.00737898
node 14 10 122 0 0.0738041
end
7
root 0 14 4
node 1 0 14 1 -0.212465
node 2 0 14 0 6
node 3 2 14 1 0.110925
node 4 2 127 0 114118
node 5 4 129 1 64903
node 6 4 127 0 0.0258959
node 7 5 134 1 248
node 8 5 129 0 -0.057177
node 9 7 131 1 69
node 10 7 134 0 0.0778501
node 11 9 125 1 1
node 12 9 131 0 -0.0626947
node 13 11 125 1 0.0283206
node 14 11 125 0 -0.00412881
end
7
root 0 14 6
node 1 0 14 1 0.070174
node 2 0 129 0 56537
node 3 2 135 1 371.720001220703
node 4 2 129 0 0.0213761
node 5 3 51 1 0.5
node 6 3 135 0 0.109806
node 7 5 68 1 0.00749999983236194
node 8 5 51 0 0.0498623
node 9 7 127 1 30648076
node 10 7 68 0 0.0567911
node 11 9 93 1 81.7252960205078
node 12 9 127 0 -0.289656
node 13 11 93 1 -0.00906019
node 14 11 93 0 0.102459
end
7
root 0 127 134574
node 1 0 127 1 129566
node 2 0 127 0 -0.0407274
node 3 1 53 1 0.166666999459267
node 4 1 127 0 0.122492
node 5 3 52 1 0.5
node 6 3 53 0 0.04643
node 7 5 54 1 0.25
node 8 5 52 0 0.0617061
node 9 7 129 1 621
node 10 7 54 0 0.152497
node 11 9 129 1 -0.0275036
node 12 9 37 0 17.5
node 13 12 37 1 0.00280057
node 14 12 37 0 0.103399
end
7
root 0 14 6
node 1 0 14 1 0.0649271
node 2 0 129 0 65532
node 3 2 59 1 0.0502279996871948
node 4 2 129 0 0.0680635
node 5 3 55 1 0.058823999017477
node 6 3 59 0 -0.0151775
node 7 5 52 1 0.5
node 8 5 55 0 0.426513
node 9 7 69 1 0.000258999993093312
node 10 7 52 0 0.0743747
node 11 9 48 1 0.235293999314308
node 12 9 69 0 0.0526953
node 13 11 48 1 -0.0107984
node 14 11 48 0 0.047059
end
